[26238.005457] [Project1] 3558 1588089779.398671564 1588089780.233896487
[26238.819544] [Project1] 3559 1588089779.398712285 1588089781.048391049
[26239.645967] [Project1] 3560 1588089779.398768448 1588089781.875227246
[26240.486245] [Project1] 3561 1588089779.398815350 1588089782.715925988
[26241.287260] [Project1] 3562 1588089779.398843185 1588089783.517340585
[26242.090378] [Project1] 3563 1588089779.398871762 1588089784.320860468
[26242.901662] [Project1] 3564 1588089779.398899730 1588089785.132549448
[26243.710167] [Project1] 3565 1588089779.398926756 1588089785.941456217
[26244.518646] [Project1] 3566 1588089779.398954153 1588089786.750342572
[26245.314344] [Project1] 3570 1588089779.398977250 1588089787.546380789
